>Tri_NBHD_1_28Jun17_EM_E08_F08_054_6731_2017-06-30.ab1    499      0    499  ABI trimmed
22 28 29 36 48 38 25 24 16 17 17 29 29 23 30 34 37 
42 42 40 37 37 40 48 36 42 36 36 28 42 42 48 50 54 
54 57 57 54 48 48 48 48 43 43 48 46 46 46 46 48 48 
50 50 50 57 47 57 57 57 57 57 57 57 48 50 50 51 51 
50 68 68 68 50 50 50 50 50 50 51 51 50 50 50 50 57 
57 57 57 57 57 57 57 57 57 57 57 57 57 59 57 57 57 
57 57 57 57 57 57 57 57 57 57 57 57 59 59 57 57 57 
57 57 57 57 57 57 57 57 57 57 57 57 57 57 57 57 57 
57 57 57 57 57 57 57 57 57 57 57 57 57 57 57 57 57 
57 57 57 57 57 57 57 57 57 57 57 57 57 62 62 62 62 
62 62 62 62 62 62 68 68 68 68 68 68 68 68 68 59 59 
59 57 57 57 57 57 57 57 57 59 57 57 59 59 59 59 57 
57 57 57 68 68 59 59 57 57 57 57 57 57 57 57 57 57 
68 68 68 68 68 68 68 68 68 68 68 68 57 57 57 57 57 
57 57 68 68 68 68 68 68 68 68 68 68 68 57 57 57 59 
57 57 57 57 57 57 57 57 57 57 57 57 68 68 68 59 59 
59 59 59 59 57 57 68 68 68 68 59 57 57 57 57 57 57 
68 68 68 68 68 68 68 68 68 68 59 59 59 59 57 57 68 
68 68 68 68 68 68 68 59 59 57 54 54 57 57 68 59 59 
59 59 54 54 54 48 57 57 57 57 57 59 48 57 48 47 47 
50 50 50 50 57 50 50 50 50 50 50 59 59 59 59 43 37 
37 43 59 59 59 47 50 50 50 48 48 48 57 59 59 59 57 
57 57 57 57 57 59 57 59 59 59 59 59 59 59 59 59 59 
59 57 57 50 48 48 48 48 48 48 57 50 50 50 50 50 50 
47 47 47 47 47 44 43 37 34 39 39 39 41 42 42 47 59 
59 59 59 59 59 59 59 57 57 57 57 57 57 57 57 57 57 
57 59 59 48 48 48 59 59 59 59 59 57 50 50 50 50 41 
41 41 41 41 39 32 29 20 23 23 23 28 30 41 44 47 47 
47 46 43 46 59 43 43 48 48 41 40 47 47 41 39 34 24 
20 23 30 31 25 21 
>Tri_NBHD_1_29Jun17-EM_A01_060_DDP063017-EA_2017-07-03.ab1    527      0    527  ABI trimmed
24 28 37 39 43 43 44 48 44 42 42 43 43 41 29 28 22 
18 18 28 38 42 41 38 38 36 41 41 41 48 41 41 47 47 
54 57 34 31 20 20 20 32 32 57 57 57 68 68 68 68 68 
68 68 68 68 68 68 68 68 68 68 57 57 54 57 54 57 50 
50 50 50 50 57 57 57 57 57 57 57 57 57 57 57 57 57 
57 68 68 68 68 68 68 68 68 68 68 68 57 57 57 57 57 
68 68 68 68 57 57 57 57 57 57 57 68 68 68 57 57 59 
59 59 59 57 57 57 57 57 57 57 57 57 68 68 68 68 57 
57 57 57 57 57 57 62 62 68 68 68 68 68 68 68 68 68 
68 68 62 62 62 62 62 62 62 68 68 62 62 62 62 62 62 
62 68 68 68 68 68 68 68 68 68 68 68 68 68 68 68 68 
68 68 62 62 62 62 62 62 62 62 62 62 62 62 62 68 68 
68 68 68 68 68 68 68 68 68 68 68 68 68 68 68 68 68 
68 68 68 68 68 68 68 68 68 68 68 68 68 68 68 68 68 
68 68 68 68 68 68 68 68 68 68 68 59 59 59 59 59 59 
59 68 68 68 68 68 68 68 59 59 59 68 59 59 59 59 59 
59 59 59 57 57 57 59 59 59 59 59 59 59 59 57 57 57 
57 57 57 68 68 68 68 68 68 68 68 68 68 68 68 59 59 
57 57 59 59 68 68 68 68 68 68 68 68 68 57 57 57 57 
57 57 59 59 59 68 68 68 68 68 68 68 68 68 68 68 68 
68 68 68 68 68 68 68 68 68 68 68 68 68 68 68 68 68 
59 59 59 59 59 59 57 68 68 68 68 68 68 59 68 68 68 
68 68 68 68 68 68 68 68 68 68 68 68 68 68 68 59 59 
59 59 59 59 59 59 59 59 59 59 59 59 59 59 59 59 59 
59 59 59 59 59 59 59 47 44 44 44 41 41 44 59 59 59 
59 41 41 48 48 48 48 48 48 48 42 42 47 47 44 39 30 
28 28 32 32 37 59 59 59 59 59 59 59 48 57 48 48 39 
39 30 30 30 33 33 36 37 37 41 30 30 30 27 27 32 37 
37 37 41 41 44 37 37 41 44 44 37 32 32 37 37 37 47 
47 47 41 41 41 41 30 27 16 16 17 24 27 44 41 37 37 
32 41 32 30 22 28 29 29 33 30 37 36 36 32 29 21 21 
>Tri_NBHD_1_29Jun17-EM_A04_058_DDP063017-EA_2017-07-03.ab1      0      0      0  ABI trimmed
>Tri_NBHD_1_29Jun17-EM_A10_079_DDP063017-EA_2017-07-03.ab1      0      0      0  ABI trimmed
>Tri_NBHD_1_29Jun17-EM_A11_080_DDP063017-EA_2017-07-03.ab1      0      0      0  ABI trimmed
>Tri_NBHD_1_29Jun17-EM_A12_095_DDP063017-EA_2017-07-03.ab1    478      0    478  ABI trimmed
28 31 37 37 28 28 30 34 25 28 28 31 28 29 29 32 37 
37 43 43 29 30 18 18 15 30 24 35 35 35 32 38 28 26 
26 36 36 30 30 31 37 37 39 35 35 32 40 25 25 25 33 
24 28 22 32 23 36 36 43 50 47 48 48 57 57 50 57 57 
50 50 46 46 52 52 52 52 52 57 57 57 57 52 52 54 57 
57 57 52 43 43 33 43 43 57 57 57 57 52 52 52 57 57 
57 57 57 57 57 57 57 57 57 57 57 57 57 57 57 59 59 
68 59 59 57 52 52 59 59 57 57 57 57 57 57 57 57 57 
57 57 57 57 57 57 57 57 57 57 57 68 57 62 62 62 62 
62 62 62 62 62 62 62 62 62 62 62 62 62 62 62 62 62 
62 62 62 62 62 62 52 52 62 62 68 68 68 68 68 62 62 
62 62 62 62 62 62 62 62 62 62 62 62 62 62 62 62 62 
62 62 62 62 62 62 62 62 62 62 62 62 62 62 62 62 54 
62 62 62 52 52 52 62 62 62 62 62 62 52 52 52 62 62 
62 54 54 62 62 62 62 62 62 62 62 62 62 62 62 62 62 
52 62 62 62 62 62 62 62 62 62 62 62 62 62 62 62 62 
62 62 62 62 62 62 62 62 62 59 59 59 59 59 59 59 59 
59 59 59 59 59 59 57 57 57 59 59 59 59 52 52 52 59 
57 57 57 57 57 57 57 57 57 57 57 52 52 52 57 57 57 
57 57 57 57 57 57 57 57 57 57 57 59 59 59 57 54 52 
52 57 57 57 59 59 59 57 57 57 57 57 57 59 57 57 57 
59 59 59 59 59 59 57 54 54 57 54 59 59 59 59 59 57 
54 54 57 54 54 57 57 47 43 43 42 42 44 44 57 57 43 
44 37 47 47 57 57 57 57 57 47 44 44 37 39 43 46 46 
54 54 54 54 54 46 46 43 43 43 48 43 43 35 35 35 47 
47 57 57 43 43 34 34 34 34 34 23 29 22 28 19 23 23 
25 28 33 33 37 39 39 30 30 30 39 31 37 44 59 59 41 
41 40 40 48 48 48 48 48 48 48 47 46 46 43 39 39 41 
34 35 
>Tri_NBHD_1_29Jun17-EM_B09_068_DDP063017-EA_2017-07-03.ab1    448      0    448  ABI trimmed
24 28 28 28 24 24 23 23 24 37 43 34 34 33 33 34 32 
32 30 36 36 28 28 18 19 16 16 16 26 40 42 41 41 41 
41 41 41 47 42 42 37 37 35 38 30 19 17 24 28 32 37 
44 44 47 48 48 48 47 57 57 48 44 37 40 36 35 35 42 
39 48 48 54 57 50 50 48 50 50 57 54 54 54 57 50 48 
52 52 59 57 52 52 52 57 52 52 52 52 52 52 52 57 52 
52 52 52 52 57 52 54 54 43 38 27 20 20 38 38 57 57 
57 57 52 57 57 57 57 57 52 52 52 57 52 52 52 57 57 
52 41 41 41 50 42 50 52 52 43 44 44 52 52 52 52 52 
43 50 37 37 37 37 50 50 54 57 57 57 57 59 50 50 48 
48 48 48 57 57 57 48 48 48 57 47 43 43 37 37 41 43 
59 59 48 48 48 44 47 39 39 35 35 35 39 47 43 43 43 
43 43 47 43 48 43 44 37 30 28 28 37 37 48 48 43 48 
43 43 36 43 43 47 40 43 43 43 43 43 43 48 43 43 43 
48 48 48 48 48 47 39 41 36 36 34 29 22 25 27 32 34 
47 40 40 39 39 35 35 39 39 48 46 47 43 43 43 43 43 
48 43 43 43 43 43 43 43 48 48 47 54 54 54 46 46 39 
39 36 39 39 41 43 46 39 39 32 39 37 37 37 39 43 43 
44 43 43 44 57 44 48 57 48 44 47 47 47 44 46 46 48 
48 48 48 59 57 57 57 54 54 54 57 50 44 44 43 43 43 
50 43 43 43 50 50 46 43 43 43 43 47 43 43 42 42 42 
42 42 35 35 35 37 42 33 33 16 23 22 32 32 42 30 30 
17 17 15 24 20 37 43 37 43 39 42 37 43 39 42 39 43 
43 42 42 39 35 22 24 12 12 12 25 27 43 30 30 23 23 
23 19 27 23 25 19 21 18 21 28 32 32 37 19 16 16 13 
17 17 24 31 34 43 37 37 37 32 29 29 32 37 39 39 37 
39 32 29 29 32 22 
>Tri_NBHD_1_29Jun17-EM_B10_066_DDP063017-EA_2017-07-03.ab1      0      0      0  ABI trimmed
>Tri_NBHD_1_29Jun17-EM_B11_078_DDP063017-EA_2017-07-03.ab1     20      0     20  ABI trimmed
32 32 36 29 18 17 17 17 22 22 28 28 32 30 32 32 42 
37 40 31 
>Tri_NBHD_1_29Jun17-EM_B12_093_DDP063017-EA_2017-07-03.ab1    396      0    396  ABI trimmed
28 33 37 37 28 28 28 22 24 28 24 24 24 26 19 18 18 
18 26 30 34 42 42 34 33 32 39 43 43 39 41 46 46 54 
48 48 48 48 48 48 48 43 43 43 43 47 47 48 47 47 48 
44 44 25 23 23 32 24 32 37 42 37 47 47 48 48 47 47 
47 47 50 48 57 57 57 57 47 47 47 47 47 47 47 50 50 
50 50 50 50 50 50 57 52 52 43 43 42 43 52 44 44 37 
37 43 59 50 52 52 57 52 52 52 52 52 57 52 52 52 50 
57 52 52 52 57 57 57 57 57 57 57 57 47 44 35 33 33 
39 44 59 57 57 57 57 57 57 57 57 57 57 39 45 45 45 
45 47 52 57 52 52 52 52 57 57 57 57 57 52 52 52 52 
62 52 52 52 52 62 52 52 52 52 43 44 27 31 31 43 43 
52 62 62 62 62 62 62 62 62 62 62 62 62 62 62 62 52 
52 52 52 52 52 62 62 52 52 43 43 43 45 45 52 52 52 
52 52 52 43 43 35 39 39 43 43 24 24 13 18 22 38 27 
39 35 39 39 43 43 45 42 42 43 35 35 43 43 52 45 42 
39 33 33 33 42 33 31 29 29 43 33 33 39 32 35 35 43 
43 52 43 43 35 35 35 43 43 43 43 43 52 52 52 57 59 
59 52 52 52 52 52 52 52 52 52 43 43 43 32 37 50 43 
43 35 35 33 35 35 43 43 43 43 44 44 46 47 42 37 32 
32 32 37 42 41 28 20 20 20 32 32 43 42 42 35 26 36 
26 26 26 39 30 35 41 41 48 41 43 43 43 43 43 43 43 
43 46 43 47 46 46 43 46 48 43 43 43 43 39 39 31 27 
28 24 24 31 31 36 39 43 39 39 30 30 28 32 25 28 23 
28 28 30 30 23 
>Tri_NBHD_1_29Jun17-EM_C01_054_DDP063017-EA_2017-07-03.ab1    404      0    404  ABI trimmed
26 28 51 51 68 57 57 43 44 37 42 42 57 57 57 68 68 
68 68 68 68 68 68 68 68 68 68 68 68 68 68 68 68 68 
57 57 57 43 32 19 16 16 32 32 68 68 68 50 50 50 68 
68 68 68 68 68 32 32 17 17 14 32 32 51 51 50 68 68 
68 68 68 68 68 68 53 53 57 59 59 59 59 59 59 57 50 
50 37 37 28 28 28 41 41 59 59 59 59 59 36 34 28 25 
22 30 34 44 39 41 47 50 50 50 59 53 53 53 50 50 57 
59 59 57 50 50 50 50 50 50 50 50 50 50 68 68 34 35 
23 23 23 35 37 68 68 68 68 68 68 68 68 44 44 37 37 
37 44 44 57 57 57 57 57 57 68 68 57 57 57 57 57 57 
59 68 68 68 68 68 68 68 68 68 68 68 68 68 68 44 44 
25 25 25 44 44 68 59 59 59 59 54 54 54 54 54 54 59 
59 54 54 54 54 54 54 59 59 59 59 59 59 59 59 59 57 
57 57 48 48 48 48 48 48 48 50 53 53 48 48 48 46 41 
41 41 44 39 39 37 37 37 37 37 37 37 37 41 48 59 59 
48 48 48 57 57 57 57 57 57 57 59 59 59 59 57 57 57 
57 57 57 57 57 68 57 54 54 54 50 50 50 50 68 46 46 
43 43 43 43 43 54 54 48 57 59 59 57 40 40 36 36 36 
37 48 50 53 50 50 50 47 47 41 41 46 59 47 41 41 41 
39 31 19 24 19 18 19 34 34 43 41 41 46 46 46 46 46 
46 57 59 59 59 59 59 59 59 57 43 37 34 34 34 34 42 
48 59 59 59 57 57 48 48 48 48 41 47 47 47 41 41 44 
37 29 30 29 29 14 20 14 21 23 25 39 41 41 41 37 34 
34 32 25 25 25 34 36 59 44 30 24 20 24 
>Tri_NBHD_1_29Jun17-EM_C02_052_DDP063017-EA_2017-07-03.ab1    425      0    425  ABI trimmed
21 23 43 43 42 42 37 37 30 37 32 46 39 39 39 42 32 
37 35 37 37 44 36 32 37 42 38 36 28 27 27 32 32 57 
44 41 39 37 37 37 44 57 57 57 57 57 47 47 47 47 46 
48 47 44 44 44 44 47 57 57 57 57 57 57 57 50 50 48 
57 50 54 52 50 50 38 38 38 50 43 52 52 57 57 57 57 
52 52 52 57 57 57 52 52 52 52 52 52 50 50 38 38 43 
31 29 29 43 43 57 57 57 44 39 35 35 43 43 57 57 57 
57 57 57 57 57 57 57 57 57 57 57 57 57 57 57 57 57 
57 52 52 52 57 57 43 39 37 35 43 43 52 52 52 43 42 
42 50 50 50 57 44 44 35 35 35 47 47 57 57 57 57 52 
52 52 52 59 59 54 54 54 54 57 57 57 57 57 44 44 43 
50 50 57 57 57 50 43 41 35 42 42 47 47 47 47 44 46 
43 44 44 43 43 47 42 43 42 41 32 41 32 37 37 37 39 
39 43 39 39 47 47 39 37 39 43 43 43 47 48 48 54 54 
54 57 54 46 42 37 37 37 42 42 43 43 43 46 46 43 43 
39 39 39 43 43 39 43 43 48 48 48 41 41 41 41 41 41 
43 25 22 12 12 12 25 24 35 39 39 39 39 37 37 37 43 
43 43 39 39 39 35 35 35 39 47 43 43 43 43 43 43 43 
47 57 43 43 43 43 43 48 59 47 37 35 35 40 44 42 44 
35 39 39 43 43 39 35 35 35 44 39 43 43 43 46 48 48 
46 39 39 39 39 39 39 43 43 43 43 43 43 41 43 43 43 
43 48 48 39 47 37 37 33 30 28 20 19 16 24 20 29 32 
37 34 30 24 24 30 37 34 30 24 24 24 24 22 33 39 43 
40 37 37 37 37 37 27 17 15 21 19 21 30 26 23 23 28 
32 28 30 30 37 37 33 28 23 20 20 20 23 23 28 19 26 
>Tri_NBHD_1_29Jun17-EM_C03_050_DDP063017-EA_2017-07-03.ab1      0      0      0  ABI trimmed
>Tri_NBHD_1_29Jun17-EM_C08_073_DDP063017-EA_2017-07-03.ab1    411      0    411  ABI trimmed
24 20 23 23 27 23 32 42 50 50 47 48 47 43 43 57 57 
57 57 44 44 28 36 32 42 42 47 44 48 47 47 42 42 37 
37 40 57 57 48 44 42 37 32 32 37 37 39 43 43 47 57 
50 37 35 37 37 43 44 47 54 57 57 52 52 57 52 52 52 
52 57 57 57 57 57 57 57 57 57 54 52 52 57 57 52 52 
52 57 57 54 57 57 57 52 52 52 57 57 57 57 59 57 52 
52 57 57 57 57 57 57 57 57 57 57 57 57 57 57 57 59 
59 52 52 52 59 57 57 57 57 57 57 57 57 57 57 57 57 
57 57 57 57 57 57 57 57 57 54 54 57 57 57 57 52 57 
38 38 17 18 20 38 38 52 43 50 50 52 52 59 59 54 54 
54 57 57 54 54 54 54 54 50 50 50 54 54 59 59 59 57 
57 57 48 48 48 57 57 59 59 68 68 57 57 57 57 57 57 
59 54 54 57 57 57 57 48 57 48 48 48 48 47 47 47 47 
47 43 43 47 43 43 47 48 46 47 47 41 41 39 43 47 48 
48 48 48 48 48 43 43 43 43 43 43 43 39 39 39 39 39 
39 39 47 47 48 59 47 59 59 59 59 41 31 31 35 37 39 
59 46 47 47 43 43 43 43 43 47 39 35 35 35 39 39 48 
48 46 46 43 39 39 39 39 43 43 43 48 48 48 48 43 32 
32 20 20 20 34 32 57 59 59 59 48 48 48 48 48 48 48 
40 40 40 39 25 25 12 12 12 29 30 43 47 47 47 59 47 
39 39 39 47 47 48 57 48 48 48 48 48 57 48 43 43 35 
39 36 36 36 36 39 43 57 59 59 48 59 59 48 46 46 47 
41 37 37 30 25 25 24 24 27 32 33 39 39 39 39 39 39 
39 31 39 36 36 36 39 43 39 39 34 34 35 24 24 18 18 
23 30 30 
>Tri_NBHD_1_29Jun17-EM_C11_076_DDP063017-EA_2017-07-03.ab1      0      0      0  ABI trimmed
>Tri_NBHD_1_29Jun17-EM_C12_091_DDP063017-EA_2017-07-03.ab1      0      0      0  ABI trimmed
>Tri_NBHD_1_29Jun17-EM_D08_071_DDP063017-EA_2017-07-03.ab1    371      0    371  ABI trimmed
24 22 25 25 31 28 31 30 31 36 23 23 19 30 24 28 25 
25 25 36 36 42 42 41 41 28 32 30 39 39 46 44 48 44 
42 37 30 30 24 24 30 37 43 43 59 43 43 43 50 50 50 
50 50 50 50 57 57 52 52 52 57 52 52 52 52 52 52 52 
52 52 57 57 54 54 52 52 52 52 52 52 52 52 43 43 57 
57 57 57 43 43 29 29 39 43 57 57 57 52 52 57 52 52 
52 57 57 57 59 57 57 57 59 52 52 52 57 57 45 45 45 
52 57 57 57 57 57 57 57 52 52 57 57 57 57 52 52 52 
57 57 52 52 52 52 52 52 52 52 43 43 37 43 43 43 29 
29 31 38 38 35 35 35 50 43 50 43 43 43 43 50 50 43 
43 43 57 44 57 43 43 43 57 57 59 57 50 48 48 48 48 
48 57 57 54 54 54 57 46 46 43 43 37 39 43 43 48 47 
47 47 44 44 44 44 43 43 32 32 30 30 32 37 39 43 43 
48 43 39 40 29 28 23 24 25 28 35 36 40 35 35 35 35 
39 39 39 39 35 35 35 39 33 28 20 20 20 20 24 29 37 
43 48 41 47 47 43 43 41 43 31 31 41 37 40 39 40 40 
39 39 39 37 36 39 37 39 39 39 39 33 33 32 32 36 43 
43 43 43 48 48 48 43 43 43 37 37 28 24 24 28 28 32 
37 43 43 48 43 39 33 32 18 18 11 16 18 30 30 40 37 
37 33 28 30 26 26 29 37 37 36 39 39 46 37 39 35 35 
35 39 39 48 48 48 42 36 36 34 34 30 39 35 34 34 35 
35 37 43 37 43 48 48 57 57 43 48 43 27 26 
>Tri_NBHD_1_29Jun17-EM_D11_074_DDP063017-EA_2017-07-03.ab1      0      0      0  ABI trimmed
>Tri_NBHD_1_29Jun17-EM_D12_089_DDP063017-EA_2017-07-03.ab1      0      0      0  ABI trimmed
>Tri_NBHD_1_29Jun17-EM_E03_069_DDP063017-EA_2017-07-03.ab1    530      0    530  ABI trimmed
22 31 22 22 22 28 29 35 39 33 31 24 18 14 14 24 30 
31 28 22 22 24 29 25 25 25 28 25 32 39 39 42 42 35 
31 30 36 36 30 28 28 32 28 28 22 23 25 15 13 11 18 
19 37 37 37 37 44 44 19 19 15 15 21 32 40 57 57 54 
54 54 57 57 43 43 43 57 57 57 50 50 37 43 37 52 52 
59 59 59 57 57 57 57 57 52 52 52 57 57 57 57 52 52 
52 57 57 57 57 57 57 57 57 68 68 68 68 68 68 68 68 
57 57 57 57 57 57 57 57 57 57 57 57 57 57 57 57 57 
57 57 57 59 59 59 57 59 57 59 57 57 57 57 57 57 57 
57 57 57 68 68 68 62 62 62 62 62 62 62 62 62 62 62 
62 62 62 62 62 62 62 62 62 62 62 62 68 68 68 68 68 
68 68 68 62 62 62 62 68 62 62 62 62 62 68 62 68 68 
68 68 68 68 68 68 68 68 68 68 68 68 68 68 68 68 68 
68 68 68 68 68 68 68 68 68 68 68 68 68 68 68 68 68 
68 68 68 68 68 68 68 68 68 68 68 68 68 68 68 68 68 
68 68 62 62 62 62 62 62 68 68 68 62 62 62 62 62 59 
59 68 68 68 68 68 59 59 59 59 57 57 57 57 57 57 57 
57 57 59 59 57 57 59 59 59 57 57 57 57 57 57 59 59 
59 57 57 52 52 52 57 57 57 57 57 57 57 68 68 68 68 
68 59 59 57 57 57 59 59 59 68 68 59 59 59 57 57 57 
59 57 54 54 54 54 54 57 57 57 57 59 59 57 57 57 57 
57 57 57 54 54 54 57 57 57 59 59 59 59 57 57 57 57 
57 57 59 59 59 59 59 68 68 57 57 57 57 57 59 59 59 
59 59 59 59 57 57 57 57 57 57 57 59 59 57 57 57 68 
68 68 68 68 68 57 57 48 48 48 48 48 48 48 50 57 57 
57 57 57 59 59 59 59 59 48 48 48 59 47 47 47 59 41 
41 37 37 44 44 59 39 29 26 27 23 24 27 37 37 41 41 
41 39 39 41 37 31 31 39 37 37 41 37 37 41 36 39 37 
41 41 41 47 40 43 37 23 23 19 19 22 33 28 34 23 23 
23 34 34 41 39 31 25 31 31 39 32 32 37 41 37 30 25 
28 28 27 30 41 41 41 41 41 37 29 29 32 29 29 34 29 
24 32 28 
>Tri_NBHD_1_29Jun17-EM_E11_072_DDP063017-EA_2017-07-03.ab1      0      0      0  ABI trimmed
>Tri_NBHD_1_29Jun17-EM_E12_087_DDP063017-EA_2017-07-03.ab1    556      0    556  ABI trimmed
24 28 29 36 39 39 34 34 34 34 34 42 37 40 47 42 42 
47 42 42 42 42 42 48 40 47 43 47 41 47 47 47 47 50 
51 68 68 68 68 68 48 42 26 27 19 26 22 22 22 30 22 
43 32 50 68 68 68 68 68 68 68 68 68 50 50 50 50 50 
50 51 68 68 50 50 50 50 50 50 50 50 50 50 51 51 68 
68 68 68 57 57 57 57 57 57 57 68 68 68 57 57 57 57 
57 57 68 68 68 68 68 68 68 68 68 68 68 68 68 68 68 
68 68 68 68 68 68 68 68 68 68 68 68 68 68 68 68 68 
68 68 68 68 68 68 68 68 68 68 57 57 57 57 57 57 68 
68 68 68 68 68 68 68 68 68 68 68 68 68 68 68 68 68 
68 68 68 68 68 68 68 68 68 68 68 68 68 68 68 68 68 
68 68 68 68 68 68 68 68 68 68 68 68 68 68 68 68 68 
68 68 68 68 68 68 68 68 68 68 68 68 68 68 68 68 68 
68 68 68 68 68 68 68 68 68 68 68 62 62 62 62 62 68 
68 68 68 68 68 68 68 68 68 68 68 68 68 68 68 68 68 
68 68 68 68 68 68 68 68 68 68 68 68 68 68 68 68 68 
68 68 68 68 68 68 68 68 68 68 68 68 68 68 68 68 68 
68 68 68 68 68 68 68 68 68 68 68 68 68 68 68 68 68 
68 68 68 68 68 68 68 68 68 68 68 68 68 68 68 68 68 
68 68 68 68 68 68 68 68 68 68 68 68 59 57 57 57 57 
68 68 68 68 68 68 68 68 68 68 68 68 68 68 68 68 68 
68 68 68 68 68 68 68 68 68 68 68 68 68 68 68 68 68 
68 68 68 68 68 68 68 68 68 68 68 68 68 68 68 68 68 
68 68 68 68 68 68 68 68 68 68 68 68 68 68 68 68 68 
68 68 68 68 68 68 68 68 68 68 68 68 68 68 68 68 68 
68 68 68 68 68 68 68 68 68 68 68 68 68 68 68 68 68 
68 68 68 68 68 68 68 68 68 68 68 68 68 68 68 68 68 
68 68 68 68 68 57 57 57 59 59 59 59 57 57 57 57 57 
57 50 50 50 50 50 50 50 50 50 50 47 47 44 44 39 37 
37 39 39 39 41 42 50 59 59 59 59 50 57 57 57 47 47 
42 39 39 39 43 48 48 43 57 57 57 48 57 57 50 48 48 
48 48 48 50 50 42 47 59 59 44 39 39 44 44 44 59 59 
59 59 59 59 59 59 59 59 59 44 41 32 
>Tri_NBHD_1_29Jun17-EM_F01_077_DDP063017-EA_2017-07-03.ab1    428      0    428  ABI trimmed
27 27 48 50 68 57 57 57 57 48 57 57 57 57 57 57 57 
40 43 40 57 57 57 59 59 57 50 50 50 47 47 54 57 57 
57 57 57 37 37 37 57 57 68 68 68 57 57 50 50 50 50 
50 50 57 57 52 57 57 57 57 50 50 57 57 57 57 57 57 
57 57 57 57 57 57 57 57 57 57 57 57 59 57 59 57 57 
57 57 57 57 57 57 57 57 57 57 59 59 59 57 57 57 57 
54 54 57 57 57 57 57 57 57 62 62 62 62 62 62 62 62 
62 62 62 62 62 62 62 62 62 62 62 62 62 62 62 62 62 
62 62 62 62 62 62 62 62 62 62 62 68 68 68 68 68 68 
68 68 68 68 68 68 68 68 68 62 62 62 62 62 62 62 62 
62 62 62 62 62 62 62 62 62 62 62 62 68 62 62 62 62 
62 62 52 52 62 62 62 62 62 62 62 62 62 62 62 62 62 
59 57 57 57 57 57 68 68 68 59 59 57 57 57 57 57 59 
57 57 57 59 57 57 57 57 57 52 52 57 57 57 57 59 59 
52 52 52 52 57 57 57 57 52 52 52 57 57 57 57 57 57 
57 59 57 57 59 54 52 57 57 57 52 52 57 59 59 57 57 
57 52 52 52 52 57 57 52 52 48 50 48 57 57 57 57 59 
57 48 48 47 59 50 48 48 48 48 48 57 57 57 57 57 57 
57 57 57 57 59 59 48 48 48 48 48 57 57 57 57 57 57 
57 48 48 43 43 46 48 48 57 48 54 48 48 48 54 54 54 
54 54 59 59 59 59 59 59 59 57 43 43 40 43 43 48 48 
48 59 59 59 59 59 59 59 59 48 48 48 46 46 46 43 59 
41 35 31 34 32 37 41 59 47 41 43 37 31 28 32 28 31 
35 37 39 39 39 39 39 37 37 35 31 29 37 29 27 30 27 
27 32 27 34 31 41 41 37 39 39 39 35 30 28 22 22 25 
25 25 21 
>Tri_NBHD_1_29Jun17-EM_F02_075_DDP063017-EA_2017-07-03.ab1      0      0      0  ABI trimmed
>Tri_NBHD_1_29Jun17-EM_F04_067_DDP063017-EA_2017-07-03.ab1      0      0      0  ABI trimmed
>Tri_NBHD_1_29Jun17-EM_F08_065_DDP063017-EA_2017-07-03.ab1      0      0      0  ABI trimmed
>Tri_NBHD_1_29Jun17-EM_F11_070_DDP063017-EA_2017-07-03.ab1      0      0      0  ABI trimmed
>Tri_NBHD_1_29Jun17-EM_G02_085_DDP063017-EA_2017-07-03.ab1     27      0     27  ABI trimmed
25 28 28 32 22 22 22 28 28 32 32 30 30 32 28 32 28 
30 30 33 32 28 20 20 31 29 26 
>Tri_NBHD_1_29Jun17-EM_G03_083_DDP063017-EA_2017-07-03.ab1    478      0    478  ABI trimmed
32 40 50 50 57 57 57 57 47 43 37 44 57 57 57 44 44 
31 35 33 44 44 57 57 54 57 57 57 57 47 47 47 57 57 
57 57 52 50 46 50 57 57 57 57 57 68 68 68 68 68 68 
68 68 68 57 57 50 50 50 50 50 50 57 57 57 57 68 68 
68 68 68 68 68 68 57 57 57 57 59 57 59 57 59 57 68 
68 57 57 57 57 57 57 57 57 57 59 57 57 57 57 57 57 
57 57 57 59 57 57 57 59 57 62 62 62 62 62 62 62 62 
62 62 62 62 62 62 62 62 62 62 62 52 52 62 62 62 62 
62 62 62 62 62 62 62 62 62 62 62 62 68 68 62 62 62 
62 62 62 62 62 62 62 62 62 62 62 62 62 62 62 62 62 
62 62 62 62 62 62 62 62 62 62 62 62 62 62 62 62 62 
62 62 62 62 62 62 62 62 52 52 52 62 62 62 62 62 62 
59 59 59 57 59 59 59 59 59 59 57 57 57 57 57 57 57 
57 57 57 57 52 52 52 57 57 57 59 59 59 57 57 59 59 
52 52 52 52 57 54 57 57 43 43 43 57 57 57 57 52 54 
57 57 57 57 52 52 52 52 52 52 52 52 52 59 57 57 57 
57 57 54 54 57 57 57 52 52 48 50 50 57 57 57 57 57 
50 43 47 47 57 44 48 47 47 47 47 47 57 57 57 48 47 
47 47 48 48 46 44 41 57 46 47 57 57 57 57 57 57 57 
57 59 48 54 54 59 59 59 59 57 57 54 54 54 48 48 48 
48 48 59 48 54 54 54 57 57 57 57 48 48 48 59 48 48 
48 59 59 57 57 48 48 48 48 48 48 48 59 47 47 47 41 
39 32 29 26 32 37 39 36 37 39 39 39 41 40 39 37 28 
28 28 33 33 36 39 39 39 39 32 31 31 32 39 47 48 30 
30 14 14 19 24 39 47 46 43 39 35 35 21 24 11 11 11 
25 21 25 23 23 22 23 23 39 32 31 28 32 32 32 32 32 
33 36 39 47 37 32 27 27 27 18 16 22 20 19 19 24 29 
32 37 33 37 37 32 30 28 28 19 30 30 37 30 30 26 25 
21 26 
>Tri_NBHD_1_29Jun17-EM_G04_081_DDP063017-EA_2017-07-03.ab1      0      0      0  ABI trimmed
>Tri_NBHD_2_29Jun17-EM_A01_048_DDP063017-EA_2017-07-03.ab1    553      0    553  ABI trimmed
24 34 33 23 23 20 21 16 21 25 33 30 40 28 28 30 28 
28 33 40 40 32 29 21 24 17 22 13 16 12 25 28 47 47 
57 47 54 57 57 57 57 47 47 41 57 46 47 44 44 57 57 
41 41 41 41 41 42 46 50 50 50 50 50 57 57 57 57 54 
54 54 57 57 57 57 57 44 44 28 24 17 38 41 57 57 57 
57 57 57 68 68 68 68 57 57 57 52 52 57 57 57 68 68 
57 57 57 68 68 57 57 57 57 57 57 57 57 68 68 68 68 
68 68 68 68 68 68 68 68 68 68 68 68 68 68 68 68 68 
68 68 68 68 68 68 68 68 68 68 68 68 68 68 68 68 68 
68 68 68 68 68 68 68 68 68 68 68 62 62 62 68 68 68 
68 68 68 68 62 62 68 68 68 68 68 68 68 68 68 68 68 
68 68 68 68 68 68 68 68 68 68 68 68 68 68 68 68 68 
68 68 68 68 68 68 68 68 68 68 68 68 68 68 68 68 68 
68 68 68 62 62 62 62 62 62 68 68 68 68 68 68 68 68 
68 68 68 68 68 68 68 68 68 68 68 68 68 68 68 68 68 
62 62 62 62 62 62 62 68 68 68 68 68 68 68 68 68 68 
68 68 68 68 68 68 68 68 68 68 68 68 68 68 68 68 68 
68 68 68 68 68 68 68 68 68 68 68 68 68 68 68 68 68 
68 68 68 68 68 68 68 68 68 68 68 68 68 68 68 68 68 
68 68 68 68 68 68 68 68 68 68 59 59 59 59 59 59 68 
68 68 68 68 68 68 68 68 68 68 68 68 68 68 68 68 68 
57 57 57 57 57 57 59 68 68 68 68 68 68 68 68 68 68 
68 59 59 59 59 68 68 68 68 68 68 68 68 68 68 68 68 
68 68 57 59 59 59 59 59 59 68 68 68 68 68 68 68 68 
68 68 68 68 68 68 68 68 68 68 68 68 68 68 68 68 68 
68 68 68 68 68 68 68 68 68 68 68 68 68 68 68 68 68 
68 57 59 59 57 57 57 57 57 57 59 59 59 59 59 59 57 
57 48 48 48 48 40 42 47 47 44 44 43 41 41 44 59 59 
59 59 44 41 41 44 59 59 59 59 50 37 41 37 39 39 47 
48 48 48 43 43 43 43 36 43 43 48 43 48 48 48 48 41 
41 47 47 59 59 44 39 39 44 44 44 47 47 47 59 44 44 
41 39 44 37 37 44 41 37 44 44 41 41 44 59 44 39 39 
37 37 37 37 37 41 41 27 27 
>Tri_NBHD_2_29Jun17-EM_A02_046_DDP063017-EA_2017-07-03.ab1    486      0    486  ABI trimmed
27 27 46 50 57 57 57 57 57 52 57 52 57 57 57 57 57 
57 57 57 57 52 43 50 50 37 35 41 50 50 50 50 57 57 
52 52 52 57 57 57 52 43 43 43 43 57 57 57 57 57 57 
57 57 57 57 57 57 57 57 57 57 57 52 52 57 57 57 57 
57 57 57 57 57 57 57 57 57 59 59 59 59 57 62 62 62 
62 62 62 54 54 54 62 62 62 62 62 52 52 62 62 62 62 
52 52 62 62 52 52 52 62 62 62 62 62 62 62 62 62 62 
62 62 62 62 62 62 62 52 52 62 62 62 62 62 62 62 62 
62 62 62 62 62 62 62 62 62 62 62 62 62 62 62 62 62 
62 62 62 62 62 62 62 62 62 62 62 62 62 62 62 62 62 
62 62 62 62 62 62 62 62 62 62 62 68 68 68 68 62 62 
62 62 62 62 62 62 62 62 62 62 62 62 62 62 62 62 62 
62 62 62 62 62 62 62 62 62 62 62 62 62 62 62 62 52 
52 52 52 52 52 62 62 62 62 62 62 62 62 62 62 62 62 
62 52 62 52 62 62 62 62 52 62 62 62 62 62 62 62 62 
62 62 62 62 62 62 62 62 62 62 52 52 62 62 62 68 62 
62 62 62 62 62 62 62 52 52 52 62 62 62 62 62 62 62 
52 52 52 62 62 62 57 57 57 57 57 57 57 57 68 68 68 
68 68 68 68 68 68 68 68 68 68 59 68 68 68 68 68 59 
59 59 52 52 52 59 59 59 59 59 59 59 59 59 59 59 59 
59 68 68 68 68 68 68 68 59 59 59 59 59 57 57 57 57 
57 57 57 57 54 59 59 59 59 59 59 57 57 57 68 68 68 
68 59 59 59 59 59 57 57 57 57 57 57 57 54 46 46 44 
44 48 57 57 57 54 54 57 57 57 57 48 54 54 59 59 57 
54 59 59 47 47 54 57 57 57 47 48 47 42 42 39 39 39 
46 43 43 25 25 25 43 43 57 42 39 30 39 39 47 47 48 
48 48 59 57 59 59 59 57 57 48 48 48 48 48 47 47 37 
37 37 37 40 39 37 37 37 36 31 30 30 30 23 19 15 15 
19 37 41 47 47 35 35 37 27 21 
>Tri_NBHD_2_29Jun17-EM_A12_063_DDP063017-EA_2017-07-03.ab1    575      0    575  ABI trimmed
21 22 28 28 35 38 42 36 36 36 36 36 37 37 40 40 37 
42 36 36 36 37 42 40 42 40 41 43 43 42 43 47 53 53 
68 68 68 68 50 50 50 50 50 50 57 57 50 41 41 41 41 
41 48 48 50 68 51 51 50 68 68 68 68 68 68 68 68 68 
68 68 68 68 68 68 68 51 50 50 50 50 50 50 50 50 50 
68 68 68 68 68 68 68 68 68 68 68 68 68 68 68 68 68 
68 68 68 68 68 68 68 68 68 68 68 68 68 68 68 68 68 
68 68 68 68 68 68 68 68 68 68 68 68 68 68 68 68 68 
68 68 68 68 68 57 57 57 57 68 68 68 68 68 68 68 68 
68 68 68 68 68 68 68 68 68 68 68 68 68 68 68 68 68 
68 68 68 68 68 68 68 68 68 68 68 68 68 68 68 68 68 
68 68 68 68 68 68 68 68 68 68 68 68 68 68 68 68 68 
68 68 68 68 68 68 68 68 68 68 68 68 68 68 68 68 68 
68 68 68 68 68 68 68 68 68 68 68 68 68 68 68 68 68 
68 68 68 68 68 68 68 68 68 68 68 68 68 68 68 68 68 
68 68 68 68 68 68 68 68 68 68 68 68 68 68 68 68 68 
68 68 68 68 68 68 68 68 68 68 68 68 68 68 68 68 68 
68 68 68 68 68 68 68 68 68 68 68 68 68 68 68 68 68 
68 68 68 68 68 68 68 68 68 68 68 68 68 68 68 68 68 
68 68 68 68 68 68 68 68 68 68 68 68 68 68 68 68 68 
68 68 68 68 68 68 68 68 68 68 68 68 68 68 68 68 68 
68 68 68 68 68 68 68 68 68 68 68 68 68 68 68 68 68 
68 68 68 68 68 68 68 68 68 68 68 68 68 68 68 68 68 
68 68 68 68 68 68 68 68 68 68 68 68 68 68 68 68 68 
68 68 68 68 68 68 68 68 68 68 68 68 68 68 68 68 68 
68 68 68 68 68 68 68 68 68 68 68 68 68 68 68 68 68 
68 68 68 68 68 68 68 68 68 68 68 68 68 68 68 68 68 
68 68 68 68 68 68 57 59 59 57 57 57 53 53 50 50 50 
53 59 59 59 59 59 53 53 50 50 50 50 59 59 59 59 44 
39 39 44 44 44 59 59 59 50 50 50 53 53 57 59 59 47 
47 47 47 47 47 47 47 47 42 43 42 42 36 42 42 48 59 
59 59 57 57 57 57 57 57 59 59 57 57 57 57 57 57 57 
50 50 50 50 50 50 47 47 44 44 44 41 41 44 44 41 41 
44 59 59 44 44 39 39 41 41 41 47 41 27 27 
>Tri_NBHD_2_29Jun17-EM_B05_042_DDP063017-EA_2017-07-03.ab1    344      0    344  ABI trimmed
32 32 32 25 16 16 19 30 30 32 35 42 26 26 26 32 42 
37 37 41 50 50 37 36 36 37 44 43 43 46 46 57 57 57 
50 43 26 21 13 13 13 15 26 26 26 12 18 19 20 20 20 
41 38 33 43 33 32 27 21 23 23 38 43 43 42 43 35 33 
35 39 43 33 33 22 34 34 24 24 22 39 43 43 43 39 39 
33 33 35 42 43 52 43 43 41 39 39 35 43 43 44 43 43 
23 18 17 38 38 43 31 27 27 23 23 20 35 35 39 32 32 
24 14 14 14 30 38 14 16 16 34 36 39 43 35 43 38 44 
29 27 27 43 41 52 43 43 38 29 29 29 38 43 43 43 32 
23 23 32 32 32 42 42 42 43 43 35 28 28 38 32 32 27 
27 27 23 43 43 38 38 20 20 20 32 30 19 15 15 24 24 
35 36 36 29 29 22 32 22 27 28 27 28 25 28 31 28 23 
20 27 18 18 18 32 32 47 43 32 28 15 13 13 18 32 30 
28 28 30 41 44 47 47 30 26 15 19 29 40 42 33 30 25 
20 28 24 30 34 37 40 39 35 35 35 39 43 39 39 26 24 
19 19 17 29 26 35 37 37 30 30 33 17 18 13 12 14 16 
28 34 39 39 35 35 37 39 30 29 17 16 15 23 27 26 26 
19 20 22 30 25 35 32 32 42 33 33 28 24 24 24 24 30 
42 39 43 39 40 36 35 35 35 39 37 42 30 24 24 28 28 
39 40 43 37 37 22 24 18 19 21 26 24 28 22 23 15 20 
20 32 28 28 
>Tri_NBHD_2_29Jun17-EM_C01_044_DDP063017-EA_2017-07-03.ab1    479      0    479  ABI trimmed
22 23 26 30 30 32 36 43 48 43 43 43 37 44 44 37 42 
46 44 48 47 44 47 43 37 37 44 44 57 54 54 57 57 54 
42 42 41 41 29 44 32 39 39 46 50 48 50 50 50 37 37 
41 36 36 41 41 41 59 57 57 57 57 57 54 54 57 57 57 
52 52 52 52 57 57 50 50 50 50 50 50 52 52 57 57 57 
57 57 57 57 57 57 59 57 57 59 57 57 57 57 57 57 57 
52 59 59 57 57 57 57 57 57 57 57 57 57 57 57 57 59 
59 57 57 57 59 59 68 59 59 59 57 52 57 57 57 57 62 
62 62 62 62 52 52 62 62 62 62 62 62 62 62 62 52 52 
52 52 52 62 62 62 62 43 35 35 38 38 14 14 14 38 38 
57 57 57 57 57 68 59 59 52 52 52 59 59 59 59 68 68 
68 68 68 68 57 57 57 57 57 59 59 59 38 38 20 20 20 
38 41 57 57 57 57 57 57 57 57 57 57 57 59 52 52 57 
57 52 52 52 57 57 57 57 57 57 57 57 57 54 54 54 57 
57 57 57 57 59 59 59 59 57 57 43 43 43 59 59 59 59 
59 48 48 48 57 57 57 57 57 57 57 57 57 57 68 68 59 
59 48 48 44 46 43 57 44 48 57 59 57 57 57 57 57 57 
57 57 57 54 54 54 54 54 54 54 59 59 34 34 14 14 14 
34 34 68 54 54 54 50 57 57 57 57 57 59 59 59 59 59 
59 59 59 59 59 59 59 59 59 59 59 59 59 47 28 28 13 
13 13 29 30 59 59 59 59 59 59 59 59 59 59 59 59 59 
59 59 59 57 48 48 48 57 48 50 50 48 48 48 59 59 57 
57 57 57 57 57 59 59 59 59 48 48 59 59 59 59 59 59 
59 32 17 9 9 9 9 18 32 59 44 37 31 31 37 37 37 43 
43 37 37 41 43 59 59 59 41 41 48 48 48 48 34 34 28 
28 30 41 41 59 37 37 27 25 25 30 32 33 37 37 37 39 
39 43 41 28 43 24 16 11 19 19 21 27 37 41 37 37 37 
37 37 37 48 59 48 48 48 48 48 48 48 48 47 41 33 30 
30 28 
>Tri_NBHD_2_29Jun17-EM_C12_061_DDP063017-EA_2017-07-03.ab1    544      0    544  ABI trimmed
37 30 28 28 22 20 22 24 26 28 30 30 24 24 15 14 20 
23 31 40 42 57 43 43 43 42 42 42 57 43 48 42 46 46 
36 36 39 43 43 39 46 42 50 43 43 43 43 50 50 50 46 
57 59 57 54 54 54 57 57 68 68 68 68 68 68 57 57 57 
57 57 57 68 68 68 68 68 68 68 68 68 59 59 59 57 57 
57 68 68 68 68 57 57 57 57 57 57 57 57 57 57 57 57 
57 68 68 68 68 50 51 51 50 68 68 68 68 68 68 68 50 
50 57 57 57 57 57 68 68 68 68 68 68 68 68 68 68 68 
68 68 68 68 59 57 57 57 57 57 57 68 68 68 68 68 68 
68 68 68 68 57 68 68 68 59 59 59 59 59 59 59 68 68 
62 62 62 62 68 68 68 68 68 68 68 62 62 62 62 62 62 
62 68 68 68 68 68 68 68 68 68 68 68 68 68 68 68 68 
68 68 68 62 62 62 62 62 62 62 68 68 68 68 62 62 62 
62 62 62 62 68 68 68 68 68 68 68 68 68 68 68 68 68 
68 68 68 68 68 68 68 68 68 68 68 68 68 62 62 62 62 
68 68 68 68 68 68 68 68 68 68 68 68 68 68 68 68 68 
68 68 68 68 68 68 68 68 62 62 62 68 68 68 68 68 68 
68 68 68 68 68 68 68 68 68 62 62 62 62 62 62 68 68 
68 68 68 68 68 68 68 68 68 68 68 68 68 68 68 62 62 
62 62 62 62 68 68 68 68 68 68 68 68 68 68 68 68 68 
68 68 68 68 68 68 68 68 68 68 68 68 68 68 68 68 68 
68 68 68 68 68 68 68 68 68 68 68 68 68 68 68 68 68 
59 68 68 68 68 68 59 57 59 57 57 57 57 59 59 59 59 
59 68 68 68 68 68 68 68 68 68 68 68 68 68 68 68 68 
68 68 68 68 59 59 59 59 59 59 59 68 68 68 68 68 68 
59 59 59 59 59 59 68 68 59 59 59 59 57 57 57 57 57 
57 59 57 57 57 68 57 57 57 57 57 57 59 59 59 59 59 
59 59 59 54 57 57 59 59 68 59 59 59 68 68 68 68 68 
50 50 48 48 41 41 42 48 43 57 57 57 48 57 57 57 48 
50 50 50 57 57 59 59 59 59 59 57 50 50 50 50 50 50 
59 59 59 59 44 41 39 44 41 37 37 31 31 37 37 39 41 
42 50 50 50 59 59 48 48 48 48 47 47 47 47 36 22 22 
>Tri_NBHD_2_29Jun17-EM_D04_040_DDP063017-EA_2017-07-03.ab1    388      0    388  ABI trimmed
36 36 50 50 57 57 54 57 57 52 52 57 57 68 68 68 68 
68 68 68 68 68 68 68 68 68 68 57 57 57 57 57 57 57 
57 57 57 57 57 57 35 35 45 57 57 57 57 57 57 57 57 
57 57 57 57 57 57 57 57 57 57 57 57 57 57 57 57 68 
68 57 57 57 57 57 57 57 68 68 68 68 68 68 68 68 68 
68 62 62 62 62 62 62 62 62 62 62 62 62 62 62 62 62 
62 62 62 62 62 68 68 68 68 68 68 68 62 62 62 62 62 
62 62 68 68 68 62 62 62 62 62 62 68 68 68 68 68 68 
68 68 68 68 68 68 68 68 68 62 62 62 62 62 62 68 68 
68 68 62 62 62 62 62 62 62 68 68 68 68 68 62 68 68 
68 68 68 68 68 68 68 68 68 68 68 68 68 68 68 68 68 
68 68 68 68 68 68 68 62 62 68 68 68 68 68 68 68 68 
68 68 68 68 68 68 68 68 68 68 68 68 68 68 68 57 57 
57 57 57 57 57 57 57 57 57 68 68 68 57 57 57 57 57 
57 59 59 59 59 59 68 68 68 68 68 57 57 57 57 57 57 
57 68 68 68 68 68 68 68 57 57 57 57 57 59 68 68 57 
57 57 57 57 57 57 57 57 57 57 57 57 57 57 57 57 57 
57 57 57 57 57 57 57 57 57 57 57 57 57 57 68 68 68 
68 68 68 68 68 68 68 68 68 59 59 68 68 68 68 68 68 
68 68 50 50 50 50 50 48 54 54 59 59 59 59 59 59 59 
59 68 68 68 68 59 57 57 57 57 57 57 48 57 48 59 59 
57 50 50 53 50 50 50 50 50 50 50 59 59 59 59 59 59 
44 44 41 41 41 37 37 37 37 37 41 41 37 23 
>Tri_NBHD_2_29Jun17-EM_D12_059_DDP063017-EA_2017-07-03.ab1    519      0    519  ABI trimmed
25 28 24 28 21 21 19 22 18 19 25 28 31 28 22 22 24 
29 31 39 39 42 34 34 34 39 39 43 43 43 43 39 42 32 
32 32 39 42 43 47 48 47 47 41 41 42 33 38 28 24 24 
43 44 48 48 48 48 57 57 57 57 57 57 57 57 57 57 57 
57 57 57 57 68 68 68 68 68 68 68 68 68 68 68 68 50 
50 50 50 50 54 57 57 57 57 57 57 57 57 57 57 57 57 
57 68 68 68 68 50 50 51 51 68 68 50 50 50 50 50 50 
68 68 68 68 68 68 68 68 68 68 68 68 68 68 68 68 68 
68 68 68 68 59 57 57 57 57 57 57 57 57 57 57 68 68 
68 68 68 68 57 59 59 59 59 59 59 68 68 68 68 68 68 
68 68 68 68 68 68 68 68 68 68 68 68 68 68 68 68 68 
68 68 68 68 68 68 68 68 68 68 68 68 68 68 68 68 68 
68 68 68 62 62 62 62 62 62 62 68 68 68 68 68 68 68 
68 68 68 68 68 68 68 68 68 68 68 68 68 68 68 68 68 
68 68 68 68 68 68 68 68 68 68 68 68 68 68 68 68 68 
68 68 68 68 68 68 68 68 68 68 68 68 68 68 68 59 59 
59 59 59 59 59 68 68 68 68 68 68 68 68 68 68 68 68 
68 68 68 68 68 68 68 68 68 68 68 68 68 68 68 68 68 
68 57 57 68 68 68 68 68 68 68 68 68 68 59 59 59 59 
59 59 59 68 68 68 68 68 68 68 68 68 68 68 68 68 68 
68 68 68 68 68 68 68 68 68 68 68 68 68 68 68 68 68 
68 68 59 59 57 57 57 59 59 68 68 68 68 68 68 68 68 
68 68 68 68 68 68 68 57 59 57 57 57 57 68 68 68 68 
68 68 68 68 68 68 68 68 68 68 68 68 68 68 68 68 68 
68 68 59 59 59 59 59 59 59 59 48 48 48 48 48 50 50 
57 59 59 59 59 59 59 50 47 47 44 44 37 30 29 31 31 
37 59 59 59 44 41 36 41 41 41 41 41 59 59 41 41 32 
30 18 20 20 32 32 47 47 59 37 39 32 37 43 59 59 40 
39 35 28 28 30 30 30 37 29 29 31 31 20 24 24 39 32 
34 28 34 34 39 31 31 37 39 39 41 37 41 41 41 41 43 
47 47 44 39 39 37 37 39 23 
>Tri_NBHD_2_29Jun17-EM_E07_038_DDP063017-EA_2017-07-03.ab1      0      0      0  ABI trimmed
>Tri_NBHD_2_29Jun17-EM_E08_036_DDP063017-EA_2017-07-03.ab1      0      0      0  ABI trimmed
>Tri_NBHD_2_29Jun17-EM_E10_064_DDP063017-EA_2017-07-03.ab1      0      0      0  ABI trimmed
>Tri_NBHD_2_29Jun17-EM_E12_057_DDP063017-EA_2017-07-03.ab1    438      0    438  ABI trimmed
22 24 25 29 29 43 39 32 37 31 33 30 30 30 33 29 35 
21 24 16 16 16 27 30 41 36 41 37 37 37 47 43 43 43 
43 43 44 47 57 57 46 46 41 36 40 36 40 44 57 57 57 
57 57 57 57 57 57 57 57 57 54 54 47 57 57 57 57 57 
57 57 57 57 57 47 37 37 37 50 57 57 57 57 57 57 57 
57 57 57 57 57 57 54 57 57 57 57 57 57 57 57 57 57 
57 57 57 57 57 57 68 68 68 68 68 68 59 59 59 59 59 
57 57 68 57 57 57 57 57 57 57 57 57 57 57 57 57 57 
57 57 57 52 57 57 57 57 68 68 57 57 59 59 59 59 59 
59 59 59 59 68 68 68 62 62 62 62 62 62 62 62 62 68 
62 62 62 62 62 62 62 62 62 62 68 68 68 68 68 62 62 
52 52 52 62 62 62 62 62 62 68 68 62 62 62 62 62 62 
62 62 68 68 68 68 68 68 68 68 68 68 68 62 62 62 62 
62 62 62 62 62 62 62 68 68 68 68 68 68 62 62 62 62 
62 62 62 62 62 62 57 57 57 57 52 52 57 57 57 57 57 
57 57 57 57 57 57 57 57 57 59 59 59 52 57 57 57 57 
57 59 59 59 59 59 57 57 52 57 45 52 52 57 57 57 57 
59 59 59 59 57 57 52 52 52 57 57 54 54 54 59 59 59 
68 59 59 68 68 68 68 57 57 57 57 57 57 57 57 57 57 
57 57 48 48 50 57 59 59 59 59 59 59 59 59 59 59 59 
54 57 59 59 59 57 57 68 57 57 57 59 59 59 57 68 57 
57 57 57 57 57 57 57 57 57 57 59 57 57 57 57 57 57 
57 59 59 57 57 48 46 39 36 37 43 35 35 35 42 42 48 
57 57 57 57 57 57 57 48 48 48 59 59 59 59 43 43 43 
47 41 40 37 39 37 37 27 29 29 27 27 30 24 24 30 30 
40 41 48 43 43 39 41 41 37 37 37 32 29 
>Tri_NBHD_2_29Jun17-EM_F01_062_DDP063017-EA_2017-07-03.ab1    575      0    575  ABI trimmed
23 33 33 33 42 48 53 47 47 40 40 40 42 42 36 40 40 
40 47 40 40 40 43 43 50 47 50 50 50 50 50 50 51 50 
68 68 68 68 68 68 68 51 50 50 50 50 51 50 50 50 50 
50 50 51 51 68 68 68 68 68 68 68 68 68 68 68 68 68 
68 68 68 68 68 50 50 50 51 51 51 50 50 50 50 50 51 
68 68 68 68 68 68 68 68 68 68 68 68 68 68 68 68 68 
68 68 68 68 68 68 68 68 68 68 68 68 68 68 68 68 68 
68 68 68 68 68 68 68 68 68 68 68 68 68 68 68 68 68 
68 68 68 68 68 68 68 68 57 68 68 68 68 68 68 68 68 
68 68 68 68 68 68 68 68 68 68 68 68 68 68 68 68 68 
68 68 68 68 68 68 68 68 68 68 68 68 68 68 68 68 68 
68 68 68 68 68 68 68 68 68 68 68 68 68 68 68 68 68 
68 68 68 68 68 68 68 68 68 68 68 68 68 68 68 68 68 
68 68 68 68 68 68 68 68 68 68 68 68 68 68 68 68 68 
68 68 68 68 68 68 68 68 68 68 68 68 68 68 68 68 68 
68 68 68 68 68 68 68 68 68 68 68 68 68 68 68 68 68 
68 68 68 68 68 68 68 68 68 68 68 68 68 68 68 68 68 
68 68 68 68 68 68 68 68 68 68 68 68 68 68 68 68 68 
68 68 68 68 68 68 68 68 68 68 68 68 68 68 68 68 68 
68 68 68 68 68 68 68 68 68 68 68 68 68 68 68 68 68 
68 68 68 68 68 68 68 68 68 68 68 68 68 68 68 68 68 
68 68 68 68 68 68 68 68 68 68 68 68 68 68 68 68 68 
68 68 68 68 68 68 68 68 68 68 68 68 68 68 68 68 68 
68 68 68 68 68 68 68 68 68 68 68 68 68 68 68 68 68 
68 68 68 68 68 68 68 68 68 68 68 68 68 68 68 68 68 
68 68 68 68 68 68 68 68 68 68 68 68 68 68 68 68 68 
68 68 68 68 68 68 68 68 68 68 68 68 68 68 68 68 68 
68 68 68 68 68 68 68 68 68 68 68 68 68 68 68 68 68 
68 68 68 68 68 68 68 68 68 68 68 68 68 68 68 68 68 
68 68 68 68 68 68 68 68 68 68 68 68 68 68 68 68 57 
54 54 54 54 50 50 54 54 54 50 50 48 47 48 48 54 59 
68 68 68 68 59 59 59 59 59 59 57 57 57 57 57 57 59 
59 59 59 59 53 53 41 41 39 37 59 59 59 59 44 41 41 
44 59 59 47 41 37 37 37 37 37 41 41 27 27 
>Tri_NBHD_2_29Jun17-EM_F08_034_DDP063017-EA_2017-07-03.ab1    543      0    543  ABI trimmed
24 30 30 30 39 39 43 43 39 39 39 34 34 42 32 36 33 
29 22 22 28 29 36 42 42 46 46 46 39 46 46 48 48 54 
54 47 48 48 47 47 48 57 48 47 57 48 47 41 41 48 48 
50 50 46 46 57 59 57 57 57 57 54 57 47 50 47 54 54 
57 57 57 57 57 57 68 68 68 68 68 68 68 68 68 68 57 
59 59 57 57 57 68 68 68 68 68 68 68 68 68 68 57 57 
57 57 57 57 57 68 68 68 68 68 68 68 68 68 68 68 68 
68 68 68 68 68 68 68 68 68 68 68 68 68 68 68 68 68 
68 68 68 59 59 59 59 59 59 57 68 68 68 68 68 68 68 
68 68 68 57 57 57 68 68 57 62 62 62 62 68 68 68 68 
68 68 68 68 68 68 68 68 62 62 62 62 62 62 62 62 62 
62 62 62 68 68 68 68 68 68 68 68 68 68 68 68 68 68 
68 68 62 62 62 62 62 62 62 68 68 68 68 68 68 68 68 
68 68 68 68 68 68 68 68 68 68 68 68 68 68 68 68 68 
68 68 68 68 68 68 68 68 68 68 68 68 68 68 68 68 68 
62 62 62 62 62 62 62 62 62 62 68 68 68 68 68 68 68 
62 62 62 62 62 62 62 62 62 62 62 62 62 62 62 62 62 
62 62 62 62 62 62 62 62 62 62 62 62 62 62 62 62 62 
62 62 62 62 62 62 62 62 62 62 68 68 68 68 68 68 68 
62 62 62 62 62 62 62 62 68 68 68 68 68 68 68 68 68 
68 68 68 68 68 68 68 68 68 68 68 68 68 68 68 68 68 
68 68 68 68 68 68 68 68 68 68 68 68 68 68 68 68 68 
68 68 68 68 68 68 68 68 68 68 68 68 68 68 68 68 68 
68 68 68 68 68 68 68 68 68 68 68 68 68 68 59 59 59 
57 57 57 57 68 68 68 68 68 68 68 68 68 68 68 68 68 
68 68 68 68 57 57 57 57 57 57 57 57 57 57 57 57 57 
57 57 57 57 57 57 57 57 57 57 57 57 57 57 57 57 59 
57 57 57 57 57 57 57 57 68 59 59 57 42 42 42 42 57 
57 59 57 50 50 47 47 47 47 47 47 47 47 47 39 42 32 
42 42 42 42 46 46 48 48 57 57 59 59 59 59 50 53 48 
48 42 42 48 59 59 57 57 50 50 50 50 57 57 48 48 59 
48 47 42 41 41 39 37 25 22 22 25 19 24 28 34 34 
>Tri_NBHD_2_29Jun17-EM_F12_055_DDP063017-EA_2017-07-03.ab1    221      0    221  ABI trimmed
24 22 32 32 39 39 32 39 39 39 39 39 39 42 39 41 41 
46 46 37 30 24 27 19 26 19 28 32 34 32 37 37 30 37 
37 47 47 48 57 44 39 37 37 37 42 43 37 37 37 42 37 
43 57 57 57 57 57 57 57 57 57 57 54 54 52 57 54 59 
57 52 52 52 52 52 52 52 52 52 52 43 50 43 43 52 44 
43 33 33 38 44 43 52 52 57 57 57 52 52 43 50 38 42 
33 35 43 43 52 52 52 52 50 41 41 41 50 57 57 54 54 
52 57 52 52 52 52 52 52 48 44 57 43 43 35 42 38 38 
30 32 33 32 32 42 42 32 37 42 46 46 46 57 57 57 57 
57 57 44 47 48 57 57 59 48 48 48 48 48 48 48 54 57 
43 43 37 37 37 43 43 48 48 42 36 28 23 23 28 34 42 
46 43 43 42 42 32 28 28 28 26 29 28 35 39 47 47 47 
39 35 32 33 39 39 35 28 28 19 19 17 25 26 32 31 23 
>Tri_NBHD_2_29Jun17-EM_H09_051_DDP063017-EA_2017-07-03.ab1    571      0    571  ABI trimmed
24 33 33 30 35 35 35 37 37 33 33 33 37 37 40 40 40 
42 42 42 48 40 40 40 42 41 41 41 42 47 47 48 50 50 
50 50 50 50 50 43 48 48 48 48 48 50 50 50 50 50 50 
68 68 68 68 68 68 57 57 57 57 50 50 51 51 51 68 68 
68 50 50 48 46 46 48 48 48 48 48 50 50 68 68 68 68 
68 68 68 68 68 68 68 68 57 57 57 57 57 57 57 68 68 
68 68 68 68 68 68 68 68 68 68 68 68 68 68 68 68 68 
68 68 68 68 68 68 57 57 57 57 57 57 68 68 68 68 68 
68 57 57 57 57 68 68 68 57 57 57 57 57 68 68 68 68 
68 68 68 68 68 68 68 68 68 68 68 68 68 68 68 68 68 
68 68 68 68 68 68 68 68 68 68 68 68 68 68 68 68 68 
68 68 68 68 68 68 68 68 68 68 68 68 68 68 68 68 68 
68 68 68 68 68 68 68 68 68 68 68 68 68 68 68 68 68 
68 68 68 68 68 68 68 68 68 68 68 68 68 68 68 68 68 
68 68 68 68 68 68 68 68 68 68 68 68 68 68 68 68 68 
68 68 68 68 68 68 68 68 68 68 68 68 68 68 68 68 68 
68 68 68 68 68 68 68 68 68 68 68 68 68 68 68 68 68 
68 68 68 68 68 68 68 68 68 68 68 68 68 68 68 68 68 
68 68 68 68 68 68 68 68 68 68 68 68 68 68 68 68 68 
68 68 68 68 68 68 68 68 68 68 68 68 68 68 68 68 68 
68 68 68 68 68 68 68 68 68 68 68 68 68 68 68 68 68 
68 68 68 68 68 68 68 68 68 68 68 68 68 68 68 68 68 
68 57 57 57 57 57 57 68 68 68 68 68 68 68 68 68 68 
68 68 68 68 68 68 68 68 68 68 68 68 68 68 68 68 68 
68 68 68 68 68 68 68 68 68 68 68 68 68 68 68 68 68 
68 68 68 68 68 68 68 68 68 68 68 68 68 68 68 68 68 
68 68 68 68 68 68 68 68 68 68 68 68 68 68 68 68 68 
68 68 68 68 68 68 68 68 53 54 50 50 50 53 59 57 57 
57 57 50 50 57 57 57 57 59 59 59 59 59 59 59 59 59 
59 59 59 44 39 39 44 44 44 47 59 59 47 48 48 47 47 
47 47 47 47 43 48 43 43 43 43 43 48 57 57 48 59 59 
59 59 59 59 59 59 57 48 50 50 50 50 59 59 59 59 59 
44 41 39 44 44 44 44 41 41 44 44 41 41 44 59 59 59 
59 50 50 47 47 47 47 47 25 25 
>Tri_NBHD_2_29Jun17-EM_H10_049_DDP063017-EA_2017-07-03.ab1    473      0    473  ABI trimmed
24 28 30 38 38 32 32 32 29 28 43 44 50 48 47 50 50 
54 54 57 57 57 54 54 54 57 57 43 43 35 43 43 37 37 
37 44 44 52 52 52 57 52 52 52 57 44 44 43 52 52 57 
57 57 57 57 57 57 57 57 52 52 52 52 52 52 57 57 57 
57 57 57 57 57 57 57 57 57 57 57 57 57 41 41 43 43 
45 57 57 57 57 57 52 57 57 57 52 52 52 62 52 52 52 
62 52 52 52 52 62 62 62 62 62 62 62 62 62 52 52 52 
52 62 62 52 52 52 62 62 62 62 62 62 62 44 43 43 52 
52 52 52 62 62 52 52 45 45 62 43 52 52 62 62 62 62 
62 62 62 62 62 52 52 45 52 52 62 62 62 52 62 62 62 
62 52 62 62 62 62 62 62 62 62 62 62 62 62 52 52 52 
52 52 52 62 62 62 52 52 52 43 43 39 43 43 39 39 39 
43 43 52 62 62 62 52 52 52 52 62 62 52 52 43 62 62 
43 43 43 43 43 43 43 39 31 31 43 43 62 62 62 52 43 
43 35 43 43 43 43 43 35 39 39 44 39 35 35 39 43 43 
62 52 52 62 62 52 52 52 52 43 44 35 35 35 43 43 43 
52 52 62 62 62 62 44 39 31 31 43 43 52 52 52 52 52 
52 52 45 52 57 43 43 43 29 29 57 57 57 57 59 57 57 
57 39 39 39 39 35 35 27 27 14 14 14 38 38 57 43 42 
42 35 42 43 52 52 57 57 57 57 35 38 33 43 43 57 52 
52 52 52 52 43 52 52 57 57 57 52 52 52 37 43 43 43 
43 43 52 57 52 54 54 54 57 57 59 50 48 43 43 23 23 
23 32 44 43 43 36 28 28 36 40 46 46 46 37 37 37 43 
37 39 24 24 14 26 24 42 42 44 32 32 26 24 18 28 38 
37 39 43 44 37 37 37 39 39 28 28 23 28 28 33 21 29 
29 36 24 29 19 19 15 21 21 42 42 57 34 40 30 25 25 
24 24 26 19 19 20 24 28 28 35 33 33 28 28 32 34 37 
32 29 29 32 20 23 20 18 19 34 28 27 22 21 
>Tri_NBHD_2_29Jun17-EM_H12_053_DDP063017-EA_2017-07-03.ab1    523      0    523  ABI trimmed
23 24 34 42 42 42 42 32 39 39 42 43 32 32 28 37 28 
30 30 37 42 48 47 47 47 47 41 41 41 42 47 47 41 47 
46 57 39 37 37 37 42 44 57 57 57 57 54 54 57 57 57 
57 57 57 57 57 57 57 57 68 68 68 68 68 68 68 68 68 
68 57 57 57 57 57 57 57 57 57 57 57 57 57 68 68 68 
68 68 68 68 68 68 68 68 68 57 57 57 57 57 68 68 50 
50 57 57 57 57 57 68 68 68 68 68 68 68 68 68 68 68 
68 68 68 68 68 68 68 68 68 68 68 68 68 68 68 68 59 
59 57 57 57 57 57 68 68 68 68 68 68 68 68 68 68 68 
62 62 62 62 68 62 62 62 62 62 62 62 68 68 68 68 68 
68 68 68 68 68 68 68 68 68 68 68 68 62 62 62 62 62 
68 68 68 68 68 68 68 68 68 68 68 68 68 68 68 68 68 
68 68 68 68 68 68 68 68 68 68 68 68 68 68 68 68 68 
68 68 68 68 68 68 68 68 68 68 68 68 68 68 68 68 68 
68 68 68 68 68 68 68 62 62 59 57 57 59 59 68 68 68 
68 68 68 68 68 68 68 68 68 68 68 68 68 68 68 68 68 
68 57 57 57 57 57 59 59 68 59 59 68 68 68 68 68 68 
68 57 57 68 68 68 68 68 68 68 68 68 68 68 59 59 59 
59 59 68 68 68 68 68 68 68 68 68 68 68 59 59 57 57 
57 57 57 68 68 57 57 57 57 57 57 57 68 68 68 68 68 
68 68 68 68 68 68 68 68 68 68 68 68 68 68 68 68 68 
68 68 68 68 68 68 68 68 68 68 68 68 68 68 68 68 68 
68 68 68 68 68 68 68 68 68 68 68 68 68 68 68 68 68 
50 50 57 57 57 57 57 59 59 59 59 59 59 59 59 59 59 
59 59 59 59 59 59 59 59 59 44 44 41 37 39 39 44 44 
44 59 59 50 50 50 48 48 48 48 42 50 47 47 47 59 41 
41 41 44 59 59 59 59 44 37 37 41 37 37 44 59 44 37 
37 37 37 37 37 37 39 39 39 57 43 43 43 43 47 59 59 
59 47 59 43 41 32 36 39 43 43 41 37 37 44 41 41 41 
46 43 37 30 19 17 19 20 37 32 44 41 41 39 28 22 23 
22 21 23 28 28 23 23 37 37 41 47 41 22 
